inidivual	9623528_chr14_376315_C_T	9352902_chr14_105689_G_C	37C_growth
A01_01	2	0	0.448451795
A01_03	2	2	0.88820773
A01_05	2	0	0.628496302
A01_07	1	1	-0.903848868
A01_09	0	0	-1.437137095
A01_11	0	1	-3.52024027
A01_13	2	1	3.59162153
A01_15	0	1	-3.26937408
A01_17	1	1	-1.130418255
A01_19	1	1	-1.799872208
A01_21	0	0	-3.675563779
A01_23	2	1	2.785510124
A01_25	2	1	0.863935384
A01_27	1	1	0.561271313
A01_29	2	0	0.285192531
A01_31	1	2	-0.925438275
A01_33	1	0	-0.77130388
A01_35	1	1	1.00306538
A01_37	1	1	0.46232894
A01_39	1	1	-0.149704668
A01_41	0	0	-2.502798241
A01_43	1	0	-1.620524639
A01_45	1	1	2.062768065
A01_47	0	2	-3.244318911
A01_49	0	1	-1.396317283
A01_51	2	1	4.538333596
A01_53	2	1	2.222164185
A01_55	1	2	-2.405785633
A01_57	2	1	2.233475752
A01_59	2	1	1.473213823
A01_61	1	2	0.645512293
A01_63	1	1	-1.693828319
A01_65	1	1	0.177999969
A01_67	1	1	0.758167381
A01_70	1	1	0.231735904
A01_72	1	2	-0.731429964
A01_74	1	0	-0.514182497
A01_76	0	1	-2.009925305
A01_79	1	2	-0.001184286
A01_81	1	2	0.282178334
A01_83	1	2	0.03975131
A01_85	1	0	1.925067257
A01_87	1	1	-0.740290319
A01_89	0	1	-1.585490245
A01_91	0	0	-4.112833098
A01_93	1	2	0.799163574
A01_95	2	1	0.635409528
A02_01	2	0	2.070929525
A02_03	0	1	-4.066943165
A02_05	0	2	-3.126189702
A02_07	1	0	0.830096858
A02_09	0	0	1.192910848
A02_11	0	1	-0.845216364
A02_13	1	1	0.751031263
A02_15	2	1	1.028345553
A02_17	2	2	4.052841102
A02_19	1	1	-0.086249754
A02_21	1	2	0.569878641
A02_23	0	1	-2.072866381
A02_25	1	1	0.639456424
A02_27	0	0	-2.511751094
A02_30	2	1	3.265542616
A02_33	0	0	-0.958209981
A02_35	2	2	2.586871794
A02_37	0	0	-0.859718574
A02_39	2	0	2.597021622
A02_41	0	2	0.022586448
A02_44	0	0	-3.517900962
A02_46	0	2	-3.260036876
A02_48	1	1	-0.025542752
A02_50	0	1	-4.499839165
A02_52	1	2	-0.118676566
A02_54	2	1	3.319322568
A02_56	1	2	-1.503131233
A02_58	1	1	-0.538162107
A02_60	1	2	0.655082017
A02_62	0	1	-1.77144823
A02_64	1	0	-0.475739141
A02_66	2	1	2.05840307
A02_68	0	2	-2.375908822
A02_70	2	1	1.537250106
A02_72	2	1	2.878527268
A02_74	1	1	0.827911426
A02_76	2	1	2.177462555
A02_79	2	2	1.283141892
A02_81	0	1	-2.799670652
A02_83	1	0	-1.194991163
A02_86	2	2	0.975765785
A02_88	0	0	-1.864968642
A02_90	2	1	2.604540498
A02_92	2	2	-0.927951079
A02_94	2	0	2.397539043
A02_96	1	2	-2.070197324
A03_02	1	2	-1.133707855
A03_04	2	2	0.821537861
A03_06	2	2	1.735147995
A03_08	0	2	-2.2851435
A03_10	0	0	-1.468403782
A03_12	2	1	2.514348464
A03_14	1	1	-0.446638008
A03_16	0	0	-0.889490702
A03_18	1	2	1.359242271
A03_20	2	1	1.484288158
A03_22	1	1	0.999660653
A03_24	0	1	-1.400738964
A03_26	1	1	-0.611693208
A03_28	1	1	0.425631806
A03_30	2	1	3.47788704
A03_32	1	1	-0.242526254
A03_34	1	1	0.717787299
A03_36	2	2	2.350249185
A03_38	2	1	2.958093386
A03_40	0	1	-3.25881253
A03_42	0	0	-2.454380954
A03_44	1	2	-1.478977999
A03_46	1	0	2.816902368
A03_48	1	1	-2.421603389
A03_50	1	1	1.859536229
A03_52	2	1	1.119712978
A03_54	2	0	1.88553022
A03_56	0	1	-1.917932188
A03_58	1	1	1.802804278
A03_60	0	2	-1.70390874
A03_62	2	1	2.179759783
A03_64	1	2	-1.603509937
A03_66	1	0	-0.855504442
A03_68	0	2	-3.034216895
A03_70	1	2	-0.146401934
A03_72	2	1	2.297863042
A03_74	2	0	2.796804009
A03_76	2	2	1.840824108
A03_78	2	0	2.319874992
A03_80	1	0	-0.340179071
A03_82	0	1	-2.09131708
A03_84	1	0	-0.442182395
A03_86	1	1	3.134041553
A03_88	1	1	0.536022858
A03_90	1	0	-1.775624461
A03_92	1	0	-0.373167362
A03_94	1	2	0.527701273
A04_01	1	2	-3.787448154
A04_03	2	0	1.98533485
A04_05	2	2	0.611129019
A04_07	1	2	-2.216686065
A04_09	0	1	-1.090023771
A04_11	1	0	0.332597036
A04_13	0	1	-1.597742888
A04_16	0	1	-2.238797717
A04_18	2	1	1.880452389
A04_20	0	2	-1.222998202
A04_22	1	1	0.3417692
A04_24	0	1	-3.773101806
A04_26	0	1	-3.005208993
A04_28	1	1	-1.608514907
A04_30	1	1	-2.448718253
A04_32	0	2	-1.118766275
A04_34	0	0	-1.713912664
A04_36	1	1	0.710938909
A04_38	1	0	-0.592586898
A04_40	2	2	1.066185089
A04_42	2	1	2.793657349
A04_44	2	0	1.71156962
A04_46	1	0	-1.701555348
A04_48	0	2	-2.511052167
A04_50	2	0	3.587633927
A04_52	2	1	1.82576131
A04_54	1	1	0.630239121
A04_56	0	1	-2.743589806
A04_78	1	1	-0.020240981
A04_80	1	1	1.093558127
A04_82	2	1	1.694756753
A04_85	0	0	-0.50020564
A04_87	1	0	0.191330631
A04_89	2	2	2.247164933
A04_91	2	1	3.026895908
A04_93	2	1	1.719565761
A04_95	0	0	-1.717213457
A05_01	1	1	2.796881894
A05_03	2	2	3.014295138
A05_05	2	0	2.987453308
A05_08	1	2	1.639744231
A05_10	1	2	1.570988682
A05_12	1	0	0.771329467
A05_14	1	2	0.198678494
A05_16	1	1	0.897489862
A05_18	0	1	-0.92627183
A05_20	2	1	2.979644715
A05_22	0	1	-2.505729431
A05_24	0	0	-1.259864202
A05_26	0	0	-1.109077164
A05_28	2	1	0.875076022
A05_30	2	0	1.19019778
A05_33	2	1	2.379277402
A05_35	1	0	-0.562841392
A05_37	1	1	-0.226936825
A05_39	2	1	1.608172021
A05_41	1	1	-0.277236009
A05_43	0	0	2.523924389
A05_45	2	1	4.061883381
A05_48	0	1	-3.343131415
A05_50	1	1	0.839184375
A05_53	1	2	-1.070801668
A05_55	1	2	-0.609541522
A05_57	1	2	-0.596810345
A05_60	1	1	0.616505307
A05_62	1	1	-0.61728341
A05_64	1	2	0.957910631
A05_66	2	1	1.368985342
A05_68	1	2	0.394928841
A05_71	2	2	2.579413452
A05_73	1	1	-0.548582558
A05_75	0	1	-0.697039378
A05_77	1	1	-0.502361983
A05_79	2	1	1.220708177
A05_81	2	1	1.314287903
A05_83	1	1	-0.461975893
A05_85	1	1	-3.901402611
A05_87	0	2	-1.757216016
A05_89	1	2	-0.494058722
A05_91	1	0	-0.618351288
A05_93	2	1	1.164536941
A05_95	1	1	0.20092658
A06_01	2	1	-0.372495204
A06_03	0	0	-3.846698759
A06_05	1	0	-1.748394622
A06_07	2	2	1.524970739
A06_09	0	0	0.200043061
A06_11	0	1	-1.175744079
A06_13	1	1	0.201410431
A06_15	0	0	-3.995292699
A06_17	1	1	-0.698093216
A06_19	0	1	-2.703536714
A06_21	1	1	1.266977856
A06_23	1	0	0.658931055
A06_25	0	1	-1.284613233
A06_27	1	2	-1.21406482
A06_29	0	1	-2.044137301
A06_31	1	1	-2.485528058
A06_33	2	1	2.104204179
A06_35	2	1	1.16591734
A06_38	1	2	-0.734344121
A06_40	1	0	-0.870243753
A06_42	0	0	-1.65483645
A06_44	1	0	-0.016153321
A06_46	1	1	-1.602502139
A06_48	1	0	0.247983195
A06_50	1	0	-0.341539417
A06_52	1	2	0.621874072
A06_54	2	1	1.187945421
A06_57	1	1	-1.042279278
A06_59	2	0	1.935732828
A06_61	1	2	-0.40343197
A06_63	1	1	0.22490533
A06_65	1	1	-2.11109253
A06_67	1	1	-1.911386328
A06_69	1	2	-0.394661479
A06_71	2	0	0.432836549
A06_73	1	2	-0.525061066
A06_76	2	2	1.909325999
A06_78	1	0	0.884635241
A06_80	0	0	-2.669495564
A06_82	0	1	-2.738087394
A06_84	1	1	1.609396336
A06_86	1	2	3.98407078
A06_88	1	0	0.616759503
A06_90	2	1	1.681243791
A06_92	2	0	2.159375611
A06_94	1	0	0.984542754
A06_96	1	0	-0.659822245
A07_02	2	2	1.542868986
A07_04	1	0	-0.484522665
A07_06	1	1	0.031363815
A07_08	1	0	-1.388587245
A07_10	1	1	0.78450927
A07_12	1	2	-1.021440729
A07_14	1	1	1.256892318
A07_16	1	1	-1.219105189
A07_18	2	0	1.680125559
A07_20	2	2	1.203486059
A07_22	0	0	-4.879623497
A07_24	0	0	-1.307905754
A07_26	1	2	-0.851101019
A07_28	1	0	0.853033941
A07_30	2	2	1.80869418
A07_32	2	0	1.734872183
A07_34	2	1	1.695365697
A07_36	1	2	-1.242872551
A07_38	1	2	-0.602807175
A07_40	1	2	-1.470684832
A07_42	1	1	1.010938012
A07_44	0	1	-2.75837144
A07_46	0	1	-2.23440726
A07_48	2	1	4.344702635
A07_50	2	1	2.167308864
A07_52	2	2	2.848884369
A07_54	1	2	-1.184311755
A07_56	1	0	-0.3983498
A07_58	1	0	-0.629937687
A07_61	1	1	0.952012516
A07_63	0	1	-1.882029193
A07_65	2	2	1.315267301
A07_67	2	1	0.432833736
A07_69	0	1	-1.760049575
A07_71	1	1	-0.327578316
A07_73	0	0	-3.113780227
A07_75	1	1	-0.973500242
A07_77	1	1	0.184300246
A07_79	0	1	-2.103933078
A07_81	1	1	-0.493189108
A07_83	1	1	-0.162556526
A07_85	2	1	0.714773698
A07_87	1	0	-1.157221035
A07_89	0	1	-1.810636633
A07_91	1	1	-1.407627651
A07_93	1	2	0.076767645
A07_95	0	1	-0.54147854
A08_02	2	2	2.021143616
A08_04	1	1	-0.188278414
A08_06	0	0	-2.122070074
A08_08	0	1	-2.216879496
A08_10	0	2	-0.463594021
A08_12	0	1	-0.269126852
A08_14	0	2	-1.405051368
A08_16	0	2	-2.222501139
A08_18	1	0	-0.91678268
A08_20	1	0	1.04088872
A08_22	0	2	-1.722428629
A08_24	2	0	3.640297712
A08_26	1	1	0.600872588
A08_28	2	0	0.594614605
A08_30	1	1	-0.773831232
A08_32	1	0	-1.156347619
A08_34	1	0	-0.831568256
A08_36	1	1	-0.308198348
A08_38	1	1	0.900371259
A08_40	0	2	-2.82060323
A08_42	2	0	2.633598981
A08_44	1	1	0.804838827
A08_46	2	0	1.188200226
A08_48	1	1	3.670362799
A08_50	1	1	1.299939477
A08_52	1	1	0.171507928
A08_54	0	2	-1.163377444
A08_56	1	1	0.68960509
A08_58	2	0	0.83830137
A08_60	0	1	-2.619140574
A08_62	0	1	-2.59586646
A08_64	2	1	1.889976831
A08_66	1	1	-0.316827944
A08_68	2	1	2.234612914
A08_70	0	1	-1.67296467
A08_72	1	1	1.651978012
A08_74	2	0	1.30917866
A08_76	1	2	-1.301713057
A08_78	1	1	-1.373993257
A08_80	2	1	1.215456004
A08_82	1	2	-1.038600048
A08_84	0	0	-1.049406926
A08_86	2	2	2.522166668
A08_88	1	1	-0.412566842
A08_90	2	1	0.960070019
A08_92	2	0	1.258322047
A08_94	1	1	-1.427091256
A08_96	2	1	4.446698145
A09_03	2	1	3.11995416
A09_05	0	1	-2.690492454
A09_07	1	1	1.160781816
A09_09	1	1	-1.919843729
A09_11	1	1	-0.637568486
A09_14	1	1	-0.660570304
A09_16	2	1	2.306935374
A09_18	2	1	-1.814712521
A09_20	2	1	1.795028326
A09_22	1	0	-0.453212207
A09_24	1	1	-1.986680916
A09_26	1	1	-0.422744264
A09_28	0	1	-2.820955131
A09_30	1	0	-1.747000869
A09_32	0	2	-2.68945533
A09_34	2	1	2.268493624
A09_36	1	0	-0.923981227
A09_38	0	1	-3.437112985
A09_40	1	1	-0.064946426
A09_42	0	1	-3.30435635
A09_44	1	2	-0.863091925
A09_46	0	0	-5.35198389
A09_48	2	2	1.296679927
A09_50	1	2	0.095162977
A09_52	0	0	-4.41812268
A09_54	2	0	0.553912349
A09_56	2	0	1.465480007
A09_58	1	2	0.001930467
A09_60	1	1	0.521193605
A09_63	1	1	1.309339297
A09_65	1	1	1.173186959
A09_68	2	2	1.082382629
A09_70	2	2	2.880496838
A09_72	2	1	1.863711917
A09_74	0	0	-2.135080035
A09_76	2	1	1.924332243
A09_78	2	2	0.93230713
A09_80	1	2	-0.548307547
A09_82	0	2	-3.92703092
A09_84	1	1	0.130783639
A09_86	1	2	3.158073362
A09_88	1	0	2.018502883
A09_90	0	0	-1.311530922
A09_92	1	2	0.522681193
A09_94	1	2	-0.311956181
A09_96	1	0	1.013567082
A10_02	1	1	-0.617880769
A10_04	0	0	-5.523786299
A10_06	1	2	-0.674660443
A10_09	2	1	1.114625573
A10_11	1	2	1.83914472
A10_13	2	1	2.956145486
A10_16	1	1	-1.708306812
A10_18	1	1	-0.368323338
A10_20	1	0	-1.253601449
A10_22	1	1	-1.875661216
A10_24	0	1	-3.946799991
A10_26	0	2	-2.777740462
A10_28	2	1	1.138886627
A10_30	2	0	2.55623916
A10_32	1	1	0.282108261
A10_34	0	0	-3.743698561
A10_36	0	0	-4.406839429
A10_38	1	2	-1.049129685
A10_40	1	2	-0.851158558
A10_42	2	1	0.905046223
A10_44	0	0	-4.084393267
A10_46	1	1	0.208422953
A10_48	1	1	-1.498212429
A10_50	2	1	2.416992008
A10_52	1	1	-0.399593168
A10_54	1	2	-0.840658322
A10_56	1	2	0.768256127
A10_58	1	1	-1.515441956
A10_60	0	0	-4.313171975
A10_62	1	2	1.541398498
A10_64	2	1	1.64951952
A10_66	2	1	2.034745485
A10_68	1	1	-1.047185856
A10_70	1	0	-1.024227526
A10_72	1	1	0.413084706
A10_74	0	1	-1.191548766
A10_76	1	2	0.572753621
A10_78	1	2	-0.962542224
A10_80	0	2	-2.486217106
A10_82	1	1	0.671994576
A10_84	0	1	-0.39545248
A10_86	0	2	-0.32383761
A10_88	1	2	1.720175908
A10_91	1	2	0.91723352
A10_93	1	2	1.191995596
A10_95	2	1	3.664109199
A11_01	1	1	-1.330032862
A11_03	0	2	-4.110435393
A11_05	2	1	1.931758908
A11_07	1	1	-0.421465527
A11_09	1	0	0.925512605
A11_11	2	2	0.534913427
A11_13	0	0	-3.341234267
A11_15	2	1	2.066103679
A11_17	1	1	-0.54473531
A11_19	1	2	-1.523628325
A11_21	1	2	0.96999028
A11_23	1	1	2.565506237
A11_25	0	1	-2.218298873
A11_27	0	0	-2.810747602
A11_29	0	1	-2.962038991
A11_31	2	1	1.467843296
A11_33	1	0	-1.27565657
A11_35	2	1	-0.002762938
A11_37	0	1	-2.660233673
A11_39	1	1	-0.175990206
A11_41	2	1	1.123994365
A11_43	0	1	-4.93992722
A11_45	1	2	-0.266970877
A11_47	1	1	-1.156832917
A11_49	0	1	-3.608970416
A11_51	0	1	-2.361700171
A11_53	0	0	-2.710481486
A11_55	0	2	-4.321115932
A11_57	2	1	2.425374972
A11_59	2	0	1.739811727
A11_61	2	1	3.310398411
A11_63	1	2	0.871102599
A11_65	0	1	-1.998225595
A11_67	0	0	-2.34010154
A11_69	1	1	-0.191646323
A11_71	2	2	1.370883201
A11_73	1	1	0.595035555
A11_75	0	2	0.362965957
A11_77	0	0	-2.579117668
A11_79	1	1	-0.114717098
A11_81	1	0	0.162043121
A11_83	1	1	-0.301296452
A11_85	1	0	5.892275456
A11_87	0	2	-4.922605683
A11_89	2	0	2.71349646
A11_91	0	0	-3.594539228
A11_93	1	2	-0.055876938
A11_95	2	1	-1.747525752
