individual	Lactate	Lactose	Maltose	Mannose
A01_01	-0.019638655	-0.52040382	-3.945066791	2.134629349
A01_02	0.649474779	-0.586994385	-5.397351544	0.319899855
A01_03	0.509507778	0.840991766	4.18990132	1.540693766
A01_04	-1.059526082	-1.697733494	2.081066393	-1.993641726
A01_05	0.352880804	-0.186945499	1.053090689	0.450747062
A01_06	1.61208391	1.448997762	2.366040693	0.798032194
A01_07	-0.428746576	-0.93161771	0.962588871	-0.014763325
A01_08	-0.913117126	-0.724277442	-0.424312976	-0.500962159
A01_09	-0.724658788	-0.482957526	-1.118418785	-1.450938987
A01_10	0.267525888	-0.207050884	2.851922919	-0.065454019
A01_11	1.874662881	3.223739216	-0.327623145	0.10347088
A01_12	2.108485189	2.426645245	1.770467044	0.240809132
A01_13	-0.565478986	-1.154717154	4.119222724	2.476372855
A01_14	1.132140054	0.258056444	1.516361725	1.115027265
A01_15	1.537437004	1.036230744	2.57751379	0.680873692
A01_16	1.097627376	0.432742117	1.57431236	-0.247116663
A01_17	1.20464539	6.714887341	1.937965782	-0.406541813
A01_18	-1.227808766	-2.111438274	-0.465665513	-1.379715143
A01_19	0.718852227	0.263162424	0.903265174	-1.607710622
A01_20	0.134791673	0.383343613	1.80582044	-0.585031348
A01_21	1.294441452	1.08403381	-4.891352629	0.752448858
A01_22	1.909291534	1.910671304	-2.984512015	1.296906725
A01_23	-1.747837807	-1.867723048	-4.842413139	-0.555853747
A01_24	-0.825493529	-0.806528284	3.761197753	-0.533272377
A01_25	-1.250213851	-0.274298277	1.025516631	-0.281188284
A01_26	-0.939166387	-0.684888529	2.636998043	-0.253956828
A01_27	1.301176012	1.507446476	4.477785841	1.453146191
A01_28	-0.828754561	-1.519401424	2.573380651	1.197011671
A01_29	-1.494402059	-1.448966266	-0.154234031	0.392869399
A01_30	-0.975223166	-1.849465145	-1.219270836	-0.326889551
A01_31	-1.561906383	-2.654695203	-0.654819129	-1.654958383
A01_32	2.055751861	1.86313297	3.078626829	0.038860323
A01_33	1.125346037	0.124295233	4.023912734	-0.849953348
A01_34	2.966060892	2.255081535	2.130637817	0.821533209
A01_35	0.509143538	0.747699665	-4.202733525	1.497111164
A01_36	0.621731765	0.765898019	3.183236688	0.652177454
A01_37	-0.229502977	0.042458376	-7.841608661	0.787056288
A01_38	1.055090185	2.565644204	4.389312858	0.921276943
A01_39	1.37105942	2.181389676	-2.937233421	1.062049275
A01_40	0.409292264	0.172308083	-5.356063977	0.274868919
A01_41	-0.743388997	-2.326888624	-5.331271349	-0.004564392
A01_42	0.194814137	0.503400029	-4.945539514	-0.462270969
A01_43	2.479417591	2.402114375	3.890681557	0.348916014
A01_44	-1.811863307	-1.95212341	-6.923870357	0.193393978
A01_45	1.343199842	1.255445921	3.295814106	2.039105097
A01_46	2.021614061	0.993723709	-1.199869976	-0.273120944
A01_47	0.521517255	0.165488221	2.111212598	-0.0584279
A01_48	0.579642329	0.322075966	-4.669805375	0.142687551
A01_49	-1.304610003	-1.130509133	2.352350608	0.237611022
A01_50	1.34430903	1.39458482	2.648186414	0.735586943
A01_51	0.446520074	0.229248978	2.012845137	1.603712944
A01_52	-0.36353404	-1.383306378	-0.418876378	-1.434100795
A01_53	-1.921257003	-4.207172311	-0.637576812	0.296267002
A01_54	-0.896583583	-0.808525165	4.350099467	0.654174903
A01_55	1.634189179	1.594528531	-0.018132205	-0.854558589
A01_56	-0.08246664	0.199985936	4.59789046	1.599133811
A01_57	-1.946618349	-2.061753927	-0.689809759	-2.536249561
A01_58	1.892304862	-0.192981158	3.498397417	0.396976764
A01_59	0.419071263	1.812941664	1.047026327	0.061378191
A01_60	-3.222675782	-2.350094768	-2.449106591	-1.336044015
A01_61	-1.622957564	-1.895551019	0.626065942	-1.763718951
A01_62	1.572486925	1.654292901	2.974803024	0.860316795
A01_63	-0.224150808	1.008386546	-4.387922734	-0.261860589
A01_64	0.415739977	2.043447485	2.648696794	0.880354357
A01_65	0.762851739	-0.446230525	0.212035076	-0.187645826
A01_66	1.574974607	1.533126945	-3.770965843	-0.137843144
A01_67	2.719741383	2.883720492	-2.59730078	1.296771073
A01_69	-1.019323538	-1.420988222	1.9445481	0.248035292
A01_70	0.448710672	0.559098026	-3.714359163	0.454329072
A01_71	1.854612521	2.472563699	6.05206735	0.36118255
A01_72	1.161958392	1.249220563	0.985049782	0.387220322
A01_73	0.518865713	-0.375002609	-6.686996385	-0.387161041
A01_74	1.456430289	-0.19930307	3.134617535	1.430067123
A01_75	1.382534742	1.95445903	4.032458297	0.886522679
A01_76	0.409510442	0.377802258	3.117101246	0.108085211
A01_77	1.346269185	1.042313427	-3.595978063	0.320274384
A01_79	1.329846864	1.473065906	2.80789691	0.647462578
A01_80	-0.450929089	-0.07898891	3.135981308	0.008475726
A01_81	0.568356776	1.172103321	-3.603168878	-1.260439809
A01_82	-0.082397182	0.421138266	1.768838885	0.598783571
A01_83	-0.766992635	-0.692576027	3.097383135	0.173640115
A01_84	0.720052412	0.914177786	1.86391255	-0.414494666
A01_85	0.822783714	-0.921209395	2.073298484	0.426252087
A01_86	1.73327146	1.139616036	-6.053689103	0.611720339
A01_87	-1.132234183	-0.319107083	3.294777932	1.136574694
A01_88	0.804987524	0.288226444	3.355067143	-0.429990537
A01_89	1.474229498	1.363722711	-2.570889997	1.465971751
A01_90	0.069202562	-0.551339315	1.449981548	-0.155353682
A01_91	1.789630818	6.389205711	3.597538694	-0.400968796
A01_92	1.026987132	2.194000828	5.986844577	1.018517256
A01_93	-0.691285044	-0.848028895	-5.943856616	0.006794748
A01_94	0.419958086	0.378301664	2.857991781	-0.312381293
A01_95	0.791315395	0.916104386	0.891479836	-0.891344796
A01_96	1.76916233	1.205754327	0.906776048	0.172108016
A02_01	-1.587178428	-1.731677905	-6.830135178	0
A02_02	-0.549687499	-1.440245776	2.402558018	-1.054704447
A02_03	-2.600934048	-1.676054648	-6.356246897	2.423044845
A02_04	-1.892469198	-1.84000924	-1.603760027	0.233507727
A02_05	2.895074951	4.462252999	1.865993284	1.573072834
A02_06	1.261442963	1.509792692	2.078581556	1.746531964
A02_07	1.045778352	0.923982464	-5.139605347	1.406584104
A02_08	0.221174389	-0.346236082	2.963576356	-0.768414842
A02_09	-2.324041173	-3.174383586	-5.786168992	-1.232175282
A02_10	1.399610445	1.226960806	2.153500694	0.774667128
A02_11	-0.587257788	-0.135078396	2.629789324	-1.075956138
A02_12	1.175800631	1.030761999	-4.173569757	0.948445072
A02_13	0.064086704	-1.14319978	-6.652189276	0.019838416
A02_14	-1.878093084	-1.811081963	0.059386796	0.664707266
A02_15	0.678638512	0.073351357	4.286880407	1.754949387
A02_16	-1.341255955	-0.794770562	1.727658997	-0.166597925
A02_17	-1.036541837	0.066665017	3.277886823	0.436417722
A02_18	1.412774405	2.678626879	5.269419559	3.188543152
A02_19	-3.079934939	-4.542514215	0.317594883	-0.219166809
A02_20	1.584915967	5.634173946	-3.032916306	0.57631934
A02_21	1.624960173	0.616321971	2.332239169	2.849165699
A02_22	0.277710625	-0.170695194	4.198183391	-1.507244866
A02_23	-0.872899957	-1.072878645	1.955207153	-0.200834817
A02_24	-0.15385129	3.852148756	3.846280722	-0.347244308
A02_25	1.979948392	1.4304215	2.573026246	0.792692546
A02_26	-0.963693041	-1.493467931	1.322033183	1.537235672
A02_27	0.418609808	0.857969589	-4.290659928	-0.559249062
A02_29	1.246791433	1.047027944	2.064833961	1.343500419
A02_30	0.642434156	-0.025309975	4.187576504	0.033686682
A02_32	-0.007202981	0.558750971	-6.105438978	-1.783748054
A02_33	0.757825592	1.182044453	3.460162552	2.453318687
A02_34	0.831613451	0.020939516	-5.792105817	-0.52800488
A02_35	0.914692151	-0.079516186	3.450500177	-0.437267488
A02_36	-0.174927393	-0.271803166	2.097968761	0.503736414
A02_37	0.004711049	-0.321354829	0.351448503	1.327167416
A02_38	0.858042029	1.551940384	-3.240218454	0.352937896
A02_39	-2.12651528	-1.304466863	-7.84410907	0.119119592
A02_40	1.2935478	0.769540886	1.067830869	0.815508003
A02_41	0.650965782	3.950325649	4.658641823	0.316886492
A02_43	-1.264951486	-2.843161754	1.197345402	0.231031294
A02_44	-1.085835083	0.057662552	-6.284320029	-0.2669613
A02_45	-1.186189299	-1.380749698	-0.571387673	-0.80908074
A02_46	0.140207356	4.111589207	0.209078174	0.001601219
A02_47	2.015590803	1.89933297	2.37518365	-0.432492519
A02_48	-1.487438117	-1.738887785	-6.576700014	-0.731222976
A02_49	-1.409017986	-2.222590833	-6.367858553	-0.674181704
A02_50	1.232533517	0.159164707	-0.973521113	-0.88229353
A02_51	1.195776949	1.458708232	2.000749537	-1.101122338
A02_52	-1.021020455	0.871937535	1.827563476	-0.15378638
A02_53	2.442067098	2.931112499	2.498932253	1.051102609
A02_54	-0.184576335	-1.847814967	2.0230654	-1.10911004
A02_55	-0.622458627	-3.161542248	1.956697566	-0.967063092
A02_56	0.253641506	-0.178696297	0.797369942	0.731703412
A02_57	0.277049562	0.03911111	0.744675292	-0.534729244
A02_58	0.205772495	-0.377342067	1.368221165	-1.094195304
A02_59	1.150129511	2.458189192	-2.922189365	0.293151917
A02_60	-3.378892599	-2.535152539	2.487248323	-1.847176974
A02_61	1.250911214	0.63656331	-5.299849365	0.523291156
A02_62	1.835960863	8.454665179	3.835343033	0.136899875
A02_63	2.460128715	1.633400192	4.594999737	-0.624245628
A02_64	-0.153211106	-0.666399314	-6.017703424	-0.103680821
A02_65	-0.31281319	-0.767502384	-4.625250664	0.258223662
A02_66	-2.429756055	-4.812846142	2.828325476	0.370310268
A02_67	-2.114281335	-2.151721522	1.219087464	0.037116494
A02_68	-2.323994293	-3.26198208	-2.184740138	-1.92170932
A02_69	-0.197583132	0.225758124	2.886704254	-0.733704585
A02_70	0.166591981	0.597884287	-6.528070522	0.456921278
A02_71	0.000249199	0.869165282	-6.249749925	-0.46898297
A02_72	-1.833838974	-1.67514158	-5.766621581	-1.513207665
A02_73	-0.741216512	-2.163979354	2.443538509	-0.463017464
A02_74	0.323773297	0.43623875	2.141099618	-0.177349544
A02_75	-0.454218105	-0.398537855	1.649015769	0.253078078
A02_76	2.293875795	-0.091535003	3.66742195	-1.444882061
A02_78	-0.995519309	-0.162053796	3.011989766	-0.115345372
A02_79	-0.463559075	-0.367361244	-6.272873038	-1.57120252
A02_80	-2.388665928	-2.564380913	-6.805168087	-0.985568498
A02_81	1.336434716	0.630760653	-3.899042204	1.103774006
A02_82	0.336328246	1.38522335	3.849142949	0.244905263
A02_83	-0.049285584	0.922511143	0.33365363	0.495984879
A02_84	-0.102716105	0.619603047	4.169724713	-0.306718991
A02_86	1.676860177	0.563583461	-3.980102177	-0.97288101
A02_87	0.531553696	-0.292875581	-6.500274103	1.081352974
A02_88	1.453099026	1.409126807	4.337907297	1.056872033
A02_89	1.290871825	1.689266382	4.434306265	0.977673931
A02_90	-2.125612169	-2.891733585	-5.520491648	0.102892103
A02_91	0.198425654	-0.100985175	-4.817923864	1.704649263
A02_92	-0.286108819	-1.781643412	0.356393684	-2.960583294
A02_93	1.134911581	0.448674507	2.923327579	0.616107583
A02_94	-0.016044829	0.614934415	1.731966697	-2.011238009
A02_95	0.919430154	0.534084513	2.626105954	0.801304782
A02_96	0.918017384	0.04006434	-4.411560614	0.459503993
A03_01	-0.120906884	-1.68074663	-6.208036877	0.974324532
A03_02	0.80380943	0.448685144	4.039083221	2.6159093
A03_03	2.534530689	2.584456413	1.225570397	1.700011871
A03_04	-1.375958038	-0.886663085	1.533335837	-0.068544214
A03_05	-1.576265813	-1.844930338	-7.127032278	-1.339667693
A03_06	-0.613266019	3.466517707	1.10596852	-0.695024134
A03_07	-0.87129714	-0.906510894	1.115936578	0.552274227
A03_08	0.468577095	-0.689294939	-4.84101422	0.253468812
A03_09	-0.70265051	-1.515121594	2.831865	-0.611369771
A03_10	0.896408082	1.951354668	2.290725762	0.335616325
A03_11	0.344528808	1.486945768	-3.819139002	-0.968563081
A03_12	-0.451833156	-1.32147367	2.852315512	-0.799267085
A03_13	-0.954343836	-1.434613758	3.24325339	-0.319322395
A03_14	-0.471627511	-2.512996978	-3.792156821	-1.783054412
A03_15	-0.495405513	0.012676082	0.830799373	0.859369235
A03_16	2.299880237	1.893750638	-3.713557799	-0.889677467
A03_17	0.100416276	0.470367688	2.597222229	0.72901605
A03_18	1.112319118	1.328923853	-3.762012129	0.303505129
A03_19	-1.526289301	-2.311801625	0.389719415	-0.52399064
A03_20	-0.085022232	-0.262189906	-4.975159381	-0.459994322
A03_21	-1.131082736	-1.556291948	2.518755141	-0.927446093
A03_22	-1.092267737	0.320841741	2.885398853	-0.965807249
A03_23	1.604741776	1.219505765	-2.959085085	1.150126545
A03_24	-0.509079122	0.118498723	-4.556549738	-1.326152773
A03_25	0.408355838	-0.591859609	1.256206241	-1.716139673
A03_26	0.483957937	1.493306589	1.223423519	-0.009056857
A03_27	0.860596774	0.588185104	5.687566272	1.512626162
A03_28	1.215676952	-0.88593058	-1.326249885	-2.612256376
A03_29	0.044255105	0.066467669	-0.205481644	-1.012323202
A03_30	0.009982557	-1.502741977	-4.381152482	1.257485146
A03_31	-0.122485302	-0.476624164	-5.406394092	0.467865642
A03_32	-1.938203177	-2.730734639	1.548099767	-0.033997764
A03_33	0.400465308	-1.498740469	-3.895357831	-0.141745873
A03_34	-0.017417179	0.080244146	2.270627177	0.203451928
A03_35	3.533199755	2.974580077	2.414963115	2.065556962
A03_36	-2.959137637	-3.72136618	-1.115350005	-1.902812394
A03_37	-3.13547676	-2.864021042	-8.952665024	0
A03_38	-0.446565433	-0.293316892	3.180330183	0.328563055
A03_39	-1.786073844	-2.2211924	0.983876835	0.845889165
A03_40	0.48360836	0.519646451	2.701081777	-1.260072592
A03_41	-2.592879851	-1.308142247	1.460712523	0.153658945
A03_42	-0.414718741	-0.191514457	1.914885435	-0.425550814
A03_43	0.311016731	0.513803099	2.929369617	-0.190875236
A03_44	-0.544121669	-1.439304891	0.217727819	-1.616182756
A03_45	1.848780029	2.427076687	4.539778913	-0.083944018
A03_46	2.801922151	2.380757142	-3.539375293	-0.062026677
A03_47	-2.00388242	-3.343369958	0.057231026	-1.030546413
A03_48	-1.336552869	-1.54313907	2.817595372	-1.960575579
A03_49	-0.008387325	1.057520561	-1.495453787	0
A03_50	3.009522847	4.136333955	4.832448287	2.458829401
A03_51	-2.267120426	-2.556980173	-6.996034628	-0.702815346
A03_52	0.499813087	-0.61530936	2.904486466	-1.028631842
A03_53	-1.45369185	-1.5205904	-5.495413172	-1.678692939
A03_54	3.054785796	2.979826966	-3.231163303	1.626878157
A03_55	-1.069714694	-0.066297071	4.405276927	-0.315885503
A03_56	0.617179758	-0.130012428	-4.777089274	-0.286328273
A03_57	1.044122959	1.143445164	-3.770509223	1.39743315
A03_58	-3.158507377	0	-0.79202416	-1.313532848
A03_59	1.389558244	1.354934886	1.957708025	0.536069094
A03_60	1.218997661	0.5438331	1.448843222	-0.034620422
A03_61	-0.240170025	-0.013371	1.074295624	0.311482192
A03_62	0.412024266	-0.933850645	-5.443476516	-1.74533098
A03_63	-1.178197281	-0.878035151	-5.790878873	0.527071361
A03_64	1.134915428	1.210248857	3.362620322	0.90899785
A03_65	0.488729691	-0.288369539	1.600090025	-1.615679924
A03_66	-0.956858609	-0.676262311	1.583166321	-1.019095018
A03_67	0.40479885	0.82060746	3.103965891	-1.209231734
A03_68	2.257079656	2.010921885	-3.491894255	1.461990221
A03_69	1.702352878	7.561735497	1.413416396	0.576361298
A03_70	-1.241911581	-1.297080193	0.716178806	-1.983311273
A03_71	1.202735811	1.121117897	1.476555217	-1.257457869
A03_72	-1.835358022	-1.286959641	1.001970483	-1.1089051
A03_73	-2.748554064	-2.643534126	0.077293907	-0.509378869
A03_74	0.094996336	-0.578408379	1.443214789	0.060814673
A03_75	-1.475812582	-0.869051794	-6.052343115	1.298013316
A03_76	0.548935048	0.093886104	3.999503676	1.026613713
A03_77	1.208566591	0.974827497	6.419676739	1.382916934
A03_78	0.107861441	3.220380242	-5.381018251	-0.387941407
A03_79	-1.243529156	-1.874663423	-6.157757842	-0.278198543
A03_80	2.474423338	4.321725763	5.025796743	-0.824000691
A03_81	-0.075951618	0.082702523	2.453555675	0.350664391
A03_82	-1.533698916	-1.175654165	-0.39759288	-1.59309949
A03_83	-0.860327858	-0.708541806	-2.899091487	-0.018313098
A03_84	-0.015616801	-0.372149266	-6.985010979	-0.154018737
A03_85	0.418714188	1.43981124	-0.06445019	0
A03_86	-3.127651388	-3.425122391	0.773017673	0
A03_87	-1.030423395	-0.598787021	-0.195686748	-0.227366922
A03_88	1.208022197	-0.10973187	3.167044286	0.37576632
A03_89	-0.254111679	-0.412427241	-5.977452873	0
A03_90	0.427965955	1.803498972	-5.59597111	-0.165275261
A03_91	0.860546202	1.396508564	1.700094794	2.94721932
A03_92	-0.328378458	-0.979852409	0.079678486	1.66961322
A03_93	-0.05900708	-0.047253937	2.915399069	0
A03_94	-1.743932099	-2.018706905	1.485182195	0
A03_95	-0.756327987	-1.547252808	1.530728956	0
A04_01	0.262683317	-0.141347365	1.430324535	1.356341158
A04_02	1.614919195	2.043527364	1.82349028	-0.153630931
A04_03	-2.362575271	-4.120871024	-0.868702131	-0.491709063
A04_04	0.400603631	-0.009250479	-2.315814564	0.651422355
A04_05	-1.261308865	-1.983030683	-0.810576754	-1.624284613
A04_06	-2.313360354	-3.203949646	0.325299348	-0.11459303
A04_07	2.680986504	1.852428356	2.255793836	1.09233022
A04_08	-2.697513647	-3.680579767	-0.869337966	-2.096201574
A04_09	0.469944495	1.475983299	3.600463397	0.490592477
A04_10	-0.137870657	-0.388806795	-3.826606041	0.041844807
A04_11	1.742379286	2.053555317	4.186660621	1.229331798
A04_12	-0.792375921	-1.63391413	-5.609269999	0.625184908
A04_13	1.681942805	1.262295113	3.712115106	1.852177095
A04_15	1.528148705	1.324986617	1.132641908	0.476527711
A04_16	1.707455838	1.170879812	1.320942963	0.502494397
A04_17	1.398264191	0.60559342	-0.452407256	0.485607804
A04_18	-0.445285515	-0.368708294	2.34410205	-0.435804203
A04_19	-0.061342999	-1.439998837	1.882105677	-0.659352019
A04_20	-0.627367904	-1.25349943	1.095762548	-0.686877456
A04_21	-3.437782426	0	0.282213092	-0.940567007
A04_22	0.043597496	0.224540125	-3.084777632	-0.508550777
A04_23	-1.54151446	-0.976918355	2.292202981	-0.188087304
A04_24	-0.231083769	-1.725402872	0.370137712	-0.389552294
A04_25	-0.359586044	-0.847438734	0.696567924	-1.712471206
A04_26	0.788756119	1.805176739	3.254911535	0.836601861
A04_27	1.087036357	1.796052598	2.651315839	1.355368692
A04_28	-0.48099072	-1.752002826	-6.388195915	-1.737564912
A04_29	1.05114975	0.473514092	1.111811764	-0.983180801
A04_30	-1.027736204	-0.883165963	2.062169933	-0.197986985
A04_31	-1.154764748	-1.486866175	-1.209535396	0.135995999
A04_32	-0.521592322	0.89109474	-5.152618721	-0.26350937
A04_33	-0.597042119	-0.173155516	1.958977452	-0.28014155
A04_34	0.690172478	1.14343586	0.691731105	0.579962018
A04_35	-0.549102983	-1.089058675	-1.266346003	-2.339261755
A04_36	-0.124288036	-0.112959082	-4.421048867	0.220917512
A04_37	-1.532999268	-2.74130097	1.391968455	-1.557131926
A04_38	-0.027975768	1.002504561	1.905628601	-0.415388104
A04_39	-0.887993005	-0.356528749	-4.105973829	-1.375786663
A04_40	-0.941423089	-2.062901024	3.062265231	-0.343516594
A04_41	-0.911862284	0.174422397	-5.330134994	0.702008278
A04_42	-2.013670632	-3.586018562	-0.724554295	-2.155781055
A04_43	-1.270855599	-1.079326721	2.60001481	0.777025114
A04_44	-1.507911883	-2.652761595	1.159430883	-2.03879513
A04_45	-0.670964971	-0.279491484	3.202615913	-1.153504089
A04_46	-1.740358269	-2.825387735	-7.36525918	-0.706018204
A04_47	1.887452048	1.833345004	3.984165241	-1.11697448
A04_48	-0.180872761	0.178517137	-4.300303916	-1.427539341
A04_49	1.752755844	0.984449086	-1.278543436	0.847617364
A04_50	0.642662396	1.08322469	3.285791112	1.18523553
A04_51	-1.661796154	-2.770613922	-6.075763432	0.738944396
A04_52	-2.920524109	-3.915567965	-1.491302589	-1.571668844
A04_53	-1.015865537	-1.497851886	1.685334661	-0.399924899
A04_54	1.55015059	1.503068199	-3.941553454	0.725741378
A04_55	3.451505805	2.662052218	3.193114797	1.298535072
A04_56	-0.042656583	-1.131203196	4.348255484	1.062676558
A04_77	-1.035620724	-1.412895759	-4.770749037	0.896129087
A04_78	2.128887145	1.381144758	-3.445279849	1.471833683
A04_79	-2.270919258	-1.321922262	1.93645599	-1.876474594
A04_80	0.154989395	1.008712922	-3.847718059	0.605268655
A04_81	0.926873596	1.476693957	1.833390197	0.652025753
A04_82	0.138364444	0.090283914	1.622867977	0.017180725
A04_84	0.855005222	0.395325817	1.114947191	0.32922066
A04_85	1.615001573	2.244391997	2.892912788	0
A04_86	1.405259635	0.83546362	-5.039937474	0
A04_87	-1.928276798	-1.879017981	3.308063227	0
A04_88	-0.380320477	-0.091904162	1.915821849	0
A04_89	-0.621116693	-0.637833674	4.951188892	0
A04_90	0.501792563	0.925845808	2.81710966	0
A04_91	0.467363411	0.3057349	-4.884884674	0
A04_92	-1.902876513	-1.052811583	2.034207493	0
A04_93	-1.721225175	-2.858087212	-6.207309575	0
A04_94	-2.487257467	-2.498605065	0.797498316	-0.756660641
A04_95	0.038501603	-0.007596683	0.032286491	0
A04_96	0.565036146	0.10577509	0.788724833	0
A05_01	0	3.954859612	4.81582909	-0.366519904
A05_02	0.182537771	1.715663937	1.344928557	1.676940753
A05_03	-1.304743105	0.868188941	-0.468144674	1.197160176
A05_04	-1.304021484	-1.385292484	-0.22096381	-1.191134635
A05_05	-1.209052566	-0.998597985	0.466923914	0.084398232
A05_07	-0.20134181	1.100702701	2.233545267	0.122421525
A05_08	-0.387586305	-2.054698879	1.509702035	-0.688113831
A05_09	-0.461167548	-0.394690188	-5.603196581	-0.997993955
A05_10	-0.104427873	-1.543263951	-1.360313563	0.697150024
A05_11	-2.247149373	-2.513347448	0.28128479	-0.122571093
A05_12	-0.584814585	0.312467327	0	-0.981385387
A05_13	0.192717779	-0.227836611	2.097298113	0.233627996
A05_14	0.56331104	-0.83759341	4.219022376	1.148018426
A05_15	0.190671917	-1.151409219	1.058304432	-0.162160928
A05_16	-1.149216753	-2.018210151	-1.777261314	-0.333326922
A05_17	0.638688607	2.754991188	-4.268213415	-0.35139834
A05_18	2.228554771	2.225881724	0.804401914	1.436878522
A05_19	-0.166115129	0.727960203	-3.620642008	-1.762225234
A05_20	-1.296039343	-3.441801131	1.469748288	0.005669794
A05_21	-0.78903241	-0.013722088	2.67780599	0.920707328
A05_22	1.119702076	0.93846825	2.814376482	0.734580169
A05_23	0.646001681	1.130557331	-1.016940285	0.679370278
A05_24	1.324858273	1.18162343	1.259508321	1.509780024
A05_25	0	0.201519958	-6.280389029	0.214096123
A05_26	1.218825123	0.486897336	3.354656344	1.013837744
A05_27	-0.561527113	0.051492128	2.224306	-0.010688257
A05_28	-1.651086547	-1.758594976	-7.973463479	-0.347821872
A05_29	-0.254572212	-0.784111584	2.082141919	0.336102364
A05_30	-2.928188444	-2.843062961	0.330732166	-0.85694435
A05_31	-2.288111617	-2.989167576	-0.813447542	-1.015841301
A05_33	0.023473374	0.402066728	1.131134306	-0.169274037
A05_34	0.118326202	-0.147080442	0.870781717	-2.622122048
A05_35	1.759737417	2.381871721	-3.356700664	-0.21231182
A05_36	-0.049145848	-0.602088036	1.445017835	0.078897532
A05_37	0	-1.106867882	-0.044404999	-1.508827039
A05_38	-0.302764756	1.600253646	-0.772033711	0.600012295
A05_39	-1.45262668	-1.234870562	1.429901558	-1.311136697
A05_40	-1.979217642	-3.137096867	1.394972312	-0.343068062
A05_41	-1.312635187	-1.315955968	-1.218748398	0.273038361
A05_42	0.259498627	0.017095391	1.643649356	-0.594572891
A05_43	-0.883593479	-0.006459582	0.264123088	-1.689496264
A05_44	1.342930277	1.927620248	1.776214339	2.220399525
A05_45	1.079939954	0.89880552	4.496665856	1.514403511
A05_47	0.983993418	1.662447819	1.940591094	-0.783069676
A05_48	2.42125806	0.933451341	2.17545546	-2.00326318
A05_49	0	0.51681519	-1.327827711	1.056760026
A05_50	-0.221178317	0.142529322	2.56567383	0.249701368
A05_51	-0.520017932	-0.857490239	0.910785346	-0.532608541
A05_53	-1.011782133	-1.141154767	-0.993178289	-1.001953479
A05_54	1.927286964	2.026940489	0.74095061	0.74821861
A05_55	1.192929567	1.033545838	-5.276704635	0.655474014
A05_56	-1.151001895	-2.12240014	1.531190868	-2.273063259
A05_57	1.46837733	2.545637565	3.15923906	0.430846714
A05_59	-2.780211495	-3.25696096	-1.08089679	-2.098545974
A05_60	1.754477659	1.433105136	1.355834823	0.847123127
A05_61	0	-0.846743761	4.174795565	1.834571274
A05_62	0.053595695	-0.703010176	-5.767722434	0.11015484
A05_63	0.25521041	1.305118571	1.078438935	-0.696629577
A05_64	0.431968708	0.422467716	1.133664805	0.837123513
A05_65	1.571686211	0.780705171	-4.596734738	0.389365504
A05_66	0.340909296	0.165323174	2.252853466	-0.901494505
A05_67	1.654937179	1.659188272	4.109754014	1.145954334
A05_68	-1.304525035	-1.361344293	1.807951669	-0.639740605
A05_70	1.692512728	0.804233808	-4.362162843	1.059898704
A05_71	0.044255195	-0.861322335	1.381461848	-2.245754407
A05_72	-3.380959572	-3.797473874	-1.807935922	-1.095395969
A05_73	0	-0.445487251	0.022684611	2.45306598
A05_74	0.753994074	0.335021751	0.800364368	1.376948462
A05_75	0.320744067	1.315923656	2.216695608	0.387945706
A05_76	-0.540582937	-1.034421912	1.806640474	0.714514576
A05_77	1.477684843	1.444544051	2.119286164	0.250445189
A05_78	2.300807224	1.979153645	-5.136095247	0.623321893
A05_79	-1.099527988	-2.554765979	-0.405122428	-0.576318051
A05_80	-2.183372972	-2.755068754	1.584521607	-0.929527205
A05_81	-1.314255702	-1.525460322	2.851486686	0.816063123
A05_82	0.332796543	-0.577016867	-0.08475794	0.993106148
A05_83	-1.118713293	-0.892803087	1.093116188	-0.183705617
A05_84	0.224620045	-0.522712967	1.62382532	-0.214048039
A05_85	0	0	0	0
A05_86	0.681488168	0.119219754	0.237452426	0.461314572
A05_87	2.733625762	4.482739034	3.55164544	0.3418738
A05_88	0.834729975	0.069773937	-4.434671686	0.591108567
A05_89	1.494175982	1.987075865	-3.685214988	-1.321386876
A05_90	-0.817671823	-0.540714589	2.253946245	0.54275004
A05_91	-0.912373648	-0.66638118	2.482368613	0.757565873
A05_92	-1.017686553	-0.763586253	-5.668815844	-1.107899016
A05_93	-2.803420541	-3.734375402	1.076391295	-0.373601351
A05_94	-1.845208331	-2.104386183	-4.604698175	-1.324564797
A05_95	-0.289080313	0.187533706	-3.694482525	-0.267824728
A05_96	-0.300295298	0.890769814	3.26919084	0.107830767
A06_01	-0.082018969	-0.246629313	-4.753692639	-0.907466281
A06_02	-1.696943706	-2.928407325	1.898509566	-0.295143962
A06_03	1.908982062	1.197161499	-3.451666479	1.004818577
A06_04	2.12985082	2.035068615	1.534869782	1.084725265
A06_05	0.475970728	0.226988974	1.754809435	0.33372184
A06_06	2.257990081	2.689740757	0.807797472	1.525247767
A06_07	-4.138979252	-5.738192057	-7.109865865	-1.864315833
A06_08	0.730323325	-0.872653489	3.481581589	-1.877797965
A06_09	1.921912572	1.420914483	0.671701551	-0.907311463
A06_10	1.41746695	0.940747783	0.2132694	0.549204094
A06_11	0.461900313	2.416760113	0.413367778	-1.043423395
A06_12	0.856060874	0.217194019	2.7383142	-1.230239278
A06_13	1.974488564	1.156282642	4.529166744	0.911518866
A06_14	0.220755285	0.497358268	3.722460436	0.144016404
A06_15	1.374620045	1.233183768	2.184185667	0.149839241
A06_16	2.0409967	1.598909099	2.94312602	0.826115181
A06_17	-2.71112046	-3.533911555	1.146914271	0.100211913
A06_18	0.434595794	2.142038997	0.962731837	-0.81101883
A06_19	-0.861596572	-1.698982824	-1.592053825	0.110090479
A06_20	1.352293708	1.170345248	3.986678945	1.093278149
A06_21	1.802759284	3.178071901	-4.692213133	0.109134746
A06_22	1.362832467	0.426413559	3.868235003	0.048076774
A06_23	-0.707278455	-0.31773103	2.185607355	-0.867650819
A06_24	-0.332059418	0.710590055	1.842594739	-0.183442915
A06_25	-0.489359319	-0.352366612	-0.149164793	-0.784548727
A06_26	1.118417304	0.748862919	-1.388929215	0.141063192
A06_27	2.066267231	1.324716218	3.681374335	1.220737497
A06_28	-0.359746821	-1.641832914	1.907841803	-0.103666697
A06_29	1.672422512	1.884482029	2.61528317	1.176745793
A06_30	2.567172224	2.031502433	3.151968819	1.850437876
A06_31	-1.623423907	-0.863999024	-1.242097093	0.100546078
A06_32	0.939228912	0.657897372	0.167321254	1.42289703
A06_33	-2.399033563	-4.89731642	-1.793618292	-0.494184411
A06_34	0.042553526	0.872237198	1.492767454	-0.82978193
A06_35	1.329751177	0.738117569	2.131305415	-0.075234249
A06_36	-1.476056073	0.884879005	0.635063889	0.458290155
A06_38	3.273392436	2.949566351	3.474248434	1.795608543
A06_39	1.046281667	0.994439155	4.286080507	1.458534583
A06_40	-1.850908401	-4.124771687	2.227131697	-0.558242371
A06_41	2.209236268	2.093468506	2.943813811	1.514070486
A06_42	2.378411316	2.603898765	5.118814254	1.62511951
A06_43	-0.753929866	-1.928933167	-1.307332374	0.488898057
A06_44	1.225269326	0.893235847	2.426165365	0.908673383
A06_45	0.932442886	-0.069384833	0.724594118	-0.118423149
A06_46	0.245551455	5.997612604	-6.46698641	0.992933118
A06_47	0.777404303	0.11325996	1.496551339	-0.283360176
A06_48	-3.996283136	-3.773626936	1.164029498	-0.520272154
A06_49	1.009769986	0.769557866	1.843546431	1.905173361
A06_50	0.137385851	-0.229356428	-4.326696721	1.205124993
A06_51	-0.727598954	-0.930322291	3.247860157	0.189990395
A06_52	0.646291388	0.16909391	-0.660890695	0.391421402
A06_53	-1.09911246	-1.818741321	-1.868833039	-0.01299981
A06_54	0.210120014	-0.275485525	3.27038947	0.768360936
A06_56	-0.536467783	-0.927277639	0.559125166	-2.037610307
A06_57	-1.393427957	-0.988034827	0.29158041	-1.072446005
A06_58	-1.090539879	-1.463297573	-6.898545577	-0.479641362
A06_59	-0.371329539	-1.021832429	1.145461503	0.380535282
A06_60	1.206821688	1.719060552	2.923345493	0.340478717
A06_61	-0.472078587	-1.213799344	0.625222796	-1.736235463
A06_62	1.054822127	-0.015173142	1.183103833	0.355890518
A06_63	1.79295412	1.97872649	1.446440203	-0.270663263
A06_64	0.14058005	-0.054567021	-7.517593791	0.303690331
A06_65	2.507699769	2.134400907	0.299086453	1.265571449
A06_66	0.999717049	1.506345896	3.189931072	0.251406937
A06_67	1.306938697	1.555146332	3.551173575	0.071424327
A06_68	0.767852141	4.531451914	-0.119831392	0.252925783
A06_69	0.216900953	0.326578437	-5.328909146	0.281579827
A06_70	-0.537065404	-1.07011479	-5.255765197	0.007667686
A06_71	0.526191951	-0.6816694	0.770218438	-0.42575758
A06_72	1.191275165	0.24807822	1.439498993	0.028578028
A06_73	-2.553225339	-3.369862932	1.339231653	-2.460497527
A06_75	2.279114513	3.651429321	3.970302783	1.245046007
A06_76	-0.43934003	-0.657633996	-6.538552052	-0.764427745
A06_77	-2.416770884	-2.943073522	0.911615681	-1.285747641
A06_78	-1.128129745	-2.387787747	-7.106497738	0.190240336
A06_79	0.681165959	1.198230797	2.532309593	-0.376506857
A06_80	2.552863868	2.729156118	2.808155379	1.509480718
A06_81	0.146808549	-0.225826939	0.044738009	0.928022123
A06_82	1.204956677	1.029887249	3.556145309	0.66004795
A06_83	1.583675117	1.20465265	-4.029137846	0.443775243
A06_84	-1.293546304	-0.679145199	0.464044835	-0.659686752
A06_85	-1.504262278	-1.130986617	-0.213628262	-0.475605161
A06_86	0.5242947	-0.390724525	3.748392887	0.582034363
A06_87	1.365470344	0.143297971	1.750854633	-1.850125775
A06_88	0.65446368	0.410292652	-4.17818916	0.060297948
A06_89	-0.243630363	-0.663589184	2.620764018	0.350332352
A06_90	0.390172616	-0.817522021	-4.362446495	0.741105293
A06_91	-0.082994821	-0.2400938	3.323137211	-1.506013238
A06_92	1.974756393	2.169719401	-3.607552193	0.074315605
A06_93	-0.343540354	-0.495829527	-5.322970506	-0.435165699
A06_94	1.04075464	0.073626436	4.451933972	0.398641169
A06_95	1.947125441	1.922799611	-2.620638112	2.164086862
A06_96	0.960889957	-0.742386406	-3.929704746	1.206267356
A07_01	2.445561679	2.734284026	-2.276883666	0.437167594
A07_02	1.598659655	3.216968004	2.195050325	0.857054044
A07_03	-0.891461422	-0.661952674	1.246653149	-1.108775501
A07_04	0.771205863	0.272841407	0.138608891	-0.546785438
A07_05	0.767291655	1.573854293	-4.389881931	0.029101678
A07_06	-1.777090259	-2.426456902	0.616023974	0.18066811
A07_07	0.726580018	0.40162963	2.196271387	0.558799795
A07_08	1.908805116	1.694883659	5.342604801	0.095064614
A07_09	-1.729795706	-1.470571895	-0.968809048	-0.282694624
A07_10	-0.6877845	-0.705567648	3.639497614	0.12481788
A07_11	-1.073064719	-0.742712001	0.981452497	-1.37193678
A07_12	-1.532543806	-0.973529779	-7.535664723	-1.119966647
A07_13	-0.51555781	2.058972741	3.422842434	-0.413729137
A07_14	-1.194606102	-2.087090509	2.428367168	0.321744726
A07_15	0.115751585	-0.570504201	4.302462021	1.802043258
A07_16	0.544127995	1.992544366	1.600058157	1.211864864
A07_17	1.551701242	0.366469243	3.632734704	1.267450508
A07_18	-0.354078636	0.143974455	3.662946867	0.610776569
A07_19	1.223964595	0.32796786	1.582343734	0.622520857
A07_20	-3.010443591	-2.358961599	-0.859856823	-0.748882308
A07_21	-0.313651843	0.359653326	1.630872855	1.018181099
A07_22	-0.307215639	-1.385392637	1.88373288	1.025132072
A07_23	1.731529269	1.44319646	1.068476505	1.304919654
A07_24	-0.639452822	0.539746997	-5.559464295	-1.767654495
A07_25	0.523880758	0.818669379	0.332784346	-0.671509338
A07_26	-1.15731353	-0.511853798	-6.822847453	-0.034010331
A07_27	0.572685199	0.768270896	1.426413968	0.324630853
A07_28	0.075750254	0.195796965	-1.182307678	0.061600892
A07_29	-0.085451245	-0.258560759	-6.611143714	-0.255067418
A07_30	1.43884875	0.930120721	-5.243816751	-0.371679274
A07_31	-0.735826966	0.519968428	2.67655035	0.381806159
A07_32	-2.226548187	-2.428135957	1.458002362	-0.853308822
A07_33	0.414006843	0.805473566	3.662392367	0.260815288
A07_34	0.900496077	0.461428825	3.144130694	1.707670927
A07_35	-1.525111386	-2.048886433	1.355152568	0.50401688
A07_36	-0.294607983	-1.115118083	-1.60111343	-1.080459647
A07_37	-1.726003476	-1.302908373	2.505778406	0.177505706
A07_38	-0.476408789	0.121686582	2.669040399	-0.837298421
A07_39	0.023373882	1.598385384	-5.082479599	-0.86780832
A07_40	1.764153676	1.862535416	1.729823805	0.993941089
A07_41	0.405771453	-0.671005463	-6.414572941	-0.016037507
A07_42	-0.634291615	-1.376738754	0.90151805	-0.160203167
A07_43	0.565827116	0.495172293	-6.331635635	0.474029187
A07_44	0.206320014	-0.08754158	-5.802192322	0.57209098
A07_45	1.490158314	1.019229466	1.820936349	0.619868248
A07_46	2.441225313	2.003484746	3.182513223	1.909267766
A07_47	0.635353861	2.079216695	2.688499748	0.567729479
A07_48	-2.914923538	-3.710314659	-4.147036547	-0.766483901
A07_49	2.261643473	1.932942638	5.147609995	1.917374714
A07_50	-0.850968686	-0.40121684	-5.744008275	-0.25878668
A07_51	0.078717231	-0.153718751	-6.744854386	0.924343063
A07_52	0.519584206	-0.57980108	3.444094006	0.448640727
A07_53	0.904005135	0.035530365	5.091407708	0.206943472
A07_54	1.832499992	0.227461471	3.240704859	0.821339495
A07_55	-0.475121077	-1.525441608	1.980286888	-0.227794957
A07_56	-1.006885893	-1.594006303	1.23759995	1.09824577
A07_57	-2.09501742	-2.795700382	-1.431557319	-2.032473858
A07_58	1.784574386	2.117258436	1.566159181	0.133875312
A07_59	-1.787306338	-1.894800939	-6.908145057	-0.691339377
A07_61	0.969216069	0.206050152	1.535130775	2.336751056
A07_62	2.519088904	1.989100737	1.250516291	0.718219669
A07_63	0.149873017	0.088269226	1.13582432	0.036135202
A07_64	0.143911325	-0.415797627	0.34776168	-0.731469547
A07_65	-1.08226727	-1.265948195	-6.176875433	-0.509291957
A07_66	-1.79547467	-2.795495722	1.825483876	-0.338860186
A07_67	-0.486989795	-0.49409449	1.264860874	-1.568444141
A07_68	-1.56644275	-1.920354935	0.047027207	-1.348428997
A07_69	1.410430642	0.838099282	1.627764683	0.729029745
A07_70	-0.216545638	-0.157575952	-1.413213662	-0.84141998
A07_71	0.468991556	0.552990093	0.909936153	0.424139124
A07_72	0.177096635	0.468730292	-5.628586607	-0.725254731
A07_73	1.863349074	1.067811188	-2.846156034	0.289358198
A07_74	-2.473648997	-1.331196035	2.181071774	-0.155581969
A07_75	-0.597004222	-0.992245969	-0.487547772	-0.477701804
A07_76	0.848630415	0.908434617	1.408047641	-0.785049288
A07_77	1.83982928	0.707964817	1.924421605	0.216060111
A07_78	-1.264376289	-0.735171697	3.082844454	0.718821388
A07_79	2.023317074	1.615214232	-3.480787015	1.399674149
A07_80	0.487577968	-0.219089003	0.884855465	0.828040783
A07_81	0.822395133	0.114572113	4.444377999	0.372155175
A07_82	0.967971096	0.713203792	2.944360945	0.62412331
A07_83	-2.985031846	-3.393143512	1.480113806	-0.924398773
A07_84	0.991150457	0.711160566	1.254597464	0.349365807
A07_85	0.853912714	1.225658444	2.137948313	2.78260808
A07_86	-0.068115906	-3.396078001	4.089522826	0.784374728
A07_87	2.761996256	1.507697716	2.713230833	0.786755707
A07_88	-0.38224743	0.106639325	4.984433302	0.604165272
A07_89	1.26409168	-0.09715185	4.152583013	1.610371905
A07_90	1.543130304	1.232756832	3.078242864	1.306194994
A07_91	-0.426964604	-0.637374683	0.794085985	0.536417329
A07_92	-1.513521859	-1.291425872	-0.059936293	-0.433939127
A07_93	0.950117172	1.137799442	2.446653624	1.288607983
A07_94	-0.96129651	-0.643604861	4.037255898	0.798525138
A07_95	-2.143963278	-2.888689452	-0.244860794	0.640925466
A08_01	0.908560676	2.535352594	2.269789395	0.191313917
A08_02	-0.970412598	-0.607274293	2.036900571	-0.972786427
A08_03	2.174110073	1.635593496	3.418879104	0.630457988
A08_04	0.650645571	1.043263274	2.558583143	0.25988235
A08_05	-0.304796685	-0.540161162	3.51135702	0.279532896
A08_06	-0.81685193	-0.250198331	-5.134451444	1.133714346
A08_07	-0.638873979	-0.169965637	1.768644132	-0.850772936
A08_08	1.205309013	1.78399055	-4.141800759	0.333500861
A08_09	-0.172133741	0.059891667	2.470630558	1.461055309
A08_10	0.011423479	-1.521714207	-4.13577205	0.380335681
A08_11	2.176667776	2.632069006	3.687317934	1.100735123
A08_12	0.460396828	0.399514407	1.455171794	1.339632329
A08_13	0.901165309	4.616611096	-3.659331094	0.535615469
A08_14	0.444605347	0.593988305	1.371963518	-0.536612583
A08_15	1.383024577	1.337972025	-4.03030606	0.956731586
A08_16	-0.01274222	0.217204823	-0.983536808	0.149232915
A08_17	2.044433221	1.928252377	0.864706192	-0.406490496
A08_18	0.614443703	0.413256541	3.626892738	-0.223824152
A08_19	1.463623383	1.175140614	1.730616981	1.235304591
A08_20	0.245922741	-0.170507169	-5.755581384	0.340088675
A08_21	1.310615159	1.468956149	2.578453472	-0.526197888
A08_22	3.002073514	2.610444227	0.204595143	-0.011186006
A08_23	2.085649511	2.001583074	0.796493283	1.09006815
A08_24	-1.533173054	-2.193094143	1.029950541	-0.549915697
A08_25	0.787476928	0.787992874	3.274558454	0.317983343
A08_26	-1.563804891	-1.347720991	0.085421142	0.241698206
A08_27	0.836428276	0.875726112	2.321740622	0.049466088
A08_28	-0.643728829	-1.514776307	-6.225767864	-1.90476007
A08_29	-0.52083776	-0.170321805	0.086414927	0.351926568
A08_30	-2.053007928	-2.638847655	0.361084918	-0.221766225
A08_31	-0.455634447	-0.513474453	2.979947726	-0.201840925
A08_32	0.361099248	2.44691078	-1.601226685	0.344184291
A08_33	-1.549152298	-3.536644943	-0.419461109	-0.635822569
A08_34	1.874753194	1.372030901	1.898425928	-0.163121669
A08_35	-0.381158596	-0.890932418	-6.133616753	-0.383467469
A08_36	-2.007877175	-1.388801995	1.335506961	-0.015169566
A08_37	-0.13212765	0.240963098	0.816554405	0.050136593
A08_38	3.946569005	5.795063144	5.579555842	1.573648551
A08_39	0.237176364	0.768612419	0.66576868	-0.391449014
A08_40	1.362591387	0.777328607	-4.681299297	1.714356734
A08_41	0.706319816	1.460720111	1.100917827	0.677941337
A08_42	-1.395340799	-1.573522714	1.032441345	1.388411185
A08_43	-1.269261854	-0.968067645	-0.475535654	-2.098528876
A08_44	2.256404587	7.704775174	1.962592585	1.407918809
A08_45	-0.609732552	-1.232339371	2.186842903	-0.446513184
A08_46	-3.181478694	-4.775770905	-0.050042993	-1.080794242
A08_47	-1.282853925	-1.873828724	-1.749481814	-1.069211163
A08_48	-1.891893342	-1.43254831	0.909540989	-1.312095763
A08_49	1.887087487	0.007658305	2.371754391	-0.257100875
A08_50	0.114049799	1.096184676	4.204083816	-1.138842138
A08_51	0.496483194	0.718994123	-4.941496819	-0.606375093
A08_52	-1.366406523	-1.087318442	3.07126971	-0.147273904
A08_53	0.965753517	0.305463458	0.572922368	0.181660625
A08_54	0.101290429	-0.95961013	-0.87627468	-0.504664717
A08_55	1.574762859	1.248021812	3.582098699	1.181162703
A08_56	1.019729875	1.481946874	1.895998638	-0.175603939
A08_57	0.366762666	-0.348207591	3.623924571	0.220757588
A08_58	0.417880291	-0.059509946	2.433004224	-0.522443706
A08_59	-2.541628027	-2.889406632	1.116157818	-0.63488716
A08_60	0.008407889	1.393904394	0.901106219	-0.55570398
A08_61	0.042130119	-0.468818687	-0.79162546	0.400849952
A08_62	0.751522326	0.161594501	-2.011630726	-0.025060256
A08_63	-1.531257678	-1.079600112	0.879634663	-1.488881264
A08_64	-0.844825074	-2.494032785	1.072108015	-0.570826613
A08_65	2.133732336	1.558046429	2.741406732	1.061787004
A08_66	0.587330016	0.394825449	1.864605145	0.084476518
A08_67	1.325586559	0.100042437	0.364248489	1.112173832
A08_68	-2.09584453	-4.197253935	-1.018115314	-0.521025526
A08_69	-1.307324565	-4.478410338	0.911714658	-1.399561119
A08_70	1.578167717	3.058868863	-4.092082576	0.937373813
A08_71	0.834131221	0.330961683	1.885409115	0.603353764
A08_72	-0.792781975	-0.757536775	1.812183053	-0.071155153
A08_73	-1.943736808	-0.894079661	-4.099923409	0
A08_74	-0.810787134	1.416460038	2.826657813	0.100630559
A08_75	-0.769319025	-0.432062598	2.648533829	-0.682506335
A08_76	-0.662596243	-0.142873758	1.629196238	-0.529489161
A08_77	-0.713411909	-1.716248262	0.874014634	-0.638146736
A08_78	1.312500423	1.861420324	2.550438386	1.408856301
A08_79	0.368503943	5.960970552	2.942369879	-0.170994061
A08_80	-0.958507789	-1.362426205	-6.610101629	-0.431529189
A08_81	-0.265565449	-0.504247858	4.199992194	1.199370243
A08_82	0.277822502	0.193206848	3.810153335	-0.959628894
A08_83	-0.166640223	-0.792435033	0.450323395	-0.488168573
A08_84	1.1715732	0.550958556	-3.449229631	1.550903278
A08_85	0	1.05851055	0.323656723	0.002402676
A08_86	-0.174315289	-1.507016286	2.337107468	-0.224083338
A08_87	0	0.019690199	3.550066822	-0.076119972
A08_88	0	1.557703127	2.172355256	-0.512716792
A08_89	1.673472781	-0.56585296	1.160799191	0.526330791
A08_90	0.028558641	-1.507805048	0.820785267	-0.609379973
A08_91	0	-1.307574733	1.711124072	0.893547363
A08_92	0	-0.8789856	3.43998903	-0.101221315
A08_93	0	0.769181362	5.066925438	1.070826694
A08_94	0	-2.125911707	-0.033006482	-2.24472905
A08_95	0	2.444341411	2.561261141	0.568322353
A08_96	0	0.780629814	2.010838732	1.175716723
A09_01	-1.646647076	0.101374333	3.148769833	0
A09_03	-2.475307363	-3.899637855	-5.798804048	0
A09_04	1.52834914	1.074028858	2.972357742	0
A09_05	-3.385407605	-2.969935376	-6.858397124	0
A09_06	1.668266753	2.117754389	2.004743969	0
A09_07	2.290514615	2.67712154	5.071669514	0
A09_08	-0.521078049	1.020470115	0.971379809	0
A09_09	0.990243512	1.39555524	-4.159891746	0
A09_10	0.603190362	-0.134026601	4.145788028	0
A09_11	-1.212150564	-1.747743886	-4.254655873	0
A09_12	0.053699373	-1.085700139	2.834132318	0
A09_14	0.535561652	0.83062466	-4.367269921	2.26676638
A09_15	-1.294264573	-1.486407763	1.427727129	0.209018693
A09_16	0.831639176	0.72528874	-0.363412606	-1.811897201
A09_17	-0.401176743	-0.360304749	2.50254825	-0.580769721
A09_18	-0.411964652	-0.548637475	-0.343913947	-2.647372429
A09_19	-0.753114324	-0.753031424	1.876732057	-1.835399393
A09_20	-0.212841252	0.025493854	-5.83787972	1.087768256
A09_21	-1.310683091	-1.092213041	3.327732651	0.558607703
A09_22	0.40210667	0.162867895	-4.504456423	-2.865996793
A09_23	0.178729537	0.333173682	-4.432229414	-1.748786674
A09_24	-2.695238309	-2.36505453	2.514158347	-0.513588729
A09_25	-1.342720325	3.324206101	2.014981228	0
A09_26	0.232613844	0.391906158	1.548209536	1.032384397
A09_27	0.639135352	0.044999539	4.280265788	2.026978017
A09_28	0.349735407	0.400947952	2.161526943	-1.57765394
A09_29	2.85281769	2.82530972	4.990698868	0.941610834
A09_30	1.211000889	-0.069471768	-5.580033955	1.604694442
A09_31	3.13350953	2.932705007	-3.418029827	0.303400495
A09_32	1.928173084	2.622362834	2.502198011	-0.852639328
A09_33	-0.286496577	-0.958377237	2.900096052	-1.430344445
A09_34	-0.263039816	0.554031797	5.08463111	0.232277558
A09_35	-0.356783205	-1.30200345	0.791906516	-1.61304149
A09_36	1.030452255	0.186805617	2.491449043	0.1212342
A09_37	-0.794492978	-2.384562658	-0.111924633	0
A09_38	0.865178518	2.974815298	2.574510632	0.86106383
A09_39	1.030207323	0.734335528	-4.091969479	-0.443993248
A09_40	1.365091424	0.857606923	0.878173456	-0.817368263
A09_41	1.130598188	1.044887712	3.402959141	1.745703365
A09_42	2.389937424	2.061600856	3.414415192	1.583711654
A09_43	0.0066163	-1.011520617	0.064029466	-1.185405227
A09_44	0.16120234	0.3745891	4.256007046	-0.453579575
A09_45	1.62185217	0.885988715	-3.992760684	-0.198954213
A09_46	2.07412238	3.04887699	2.74702283	-1.024045488
A09_47	0.999951953	0.903956889	3.806167819	-2.870045758
A09_48	-0.624984322	-1.168688088	3.361147866	-2.325458883
A09_49	-1.110081547	-0.872868808	2.897202065	0
A09_50	-0.996973284	0.008602185	3.894384092	-2.764203702
A09_51	-0.48871572	-1.169795776	1.45397663	0.302868863
A09_52	1.095991038	3.744959737	5.271419582	0.716353534
A09_53	1.53738603	1.001739388	1.983932168	-0.670246898
A09_54	-1.987580936	-2.734830098	-0.15407636	-1.662340765
A09_55	1.328816337	1.795637805	-4.030482692	0.154127155
A09_56	-2.973986216	-2.317270835	3.879469644	-0.749190132
A09_57	0.501959656	2.960570639	-5.598430991	0.993511619
A09_58	-1.393900324	-1.597014378	2.46581995	1.199020072
A09_59	-1.204105631	0.036318627	-5.783350586	0.680419816
A09_60	1.17694166	3.436629243	3.000687165	-0.429897333
A09_61	-0.589952925	-1.248671581	2.27702058	0
A09_63	-1.811750033	-1.274035817	-6.504399017	-2.076498629
A09_64	-0.449552594	-0.864777909	1.78200257	0.473674951
A09_65	0	0	0	0
A09_66	-0.787242349	-1.59554411	0.734471064	-3.399077336
A09_68	-0.96361403	-1.297148593	3.849460412	-1.149149518
A09_69	-1.378163699	-2.759023507	1.728320491	0.214719728
A09_70	0.25856631	0.732908951	-3.325763253	0.625092303
A09_71	-2.536777437	-3.665492954	0.889212828	-0.287398063
A09_72	0.23357406	0.15732389	-5.465896364	-0.277513761
A09_73	-0.601899946	-1.768273012	2.380801332	0
A09_74	0.484893928	-0.440810518	1.308525686	0.641944219
A09_75	-0.77877292	0.089600848	-5.456752868	0.017420409
A09_76	-1.38174348	-2.23534962	2.577993564	-0.954480653
A09_77	-0.316857451	-0.663866208	2.434761083	0.439695071
A09_78	-1.743664665	-2.846026387	0.956298593	0.40318784
A09_79	-0.284551889	-0.503323502	4.378395493	1.131194964
A09_80	1.007304023	0.83983404	4.60995785	0.518141428
A09_81	-1.055356344	-1.172147811	-5.783740899	0.545533608
A09_82	0.47967314	0.730760443	1.037614224	-1.536020133
A09_83	0.953947645	0.176421881	3.349940375	-0.151365579
A09_84	-1.773856617	-2.504581675	-5.711321036	-2.720476119
A09_85	-1.753324797	-0.964960105	4.13922964	3.103012972
A09_86	2.21417133	2.184568121	-4.0120709	3.343536951
A09_87	0.351093267	0.611370007	3.604611521	0.614707084
A09_88	-1.09083577	-1.074196312	-1.38798971	0.237445899
A09_89	0.830752519	0.868946253	2.456886734	2.282248368
A09_90	0.760524631	0.392687514	-1.519831966	-0.214797676
A09_91	-1.399666558	-1.172617722	-0.695386806	0.407520852
A09_92	0.041839028	-0.609976979	-0.06369622	2.519385715
A09_93	3.477122119	2.064405591	1.94476317	0.332927179
A09_94	-0.639393577	-0.266667422	-2.082613669	0.381216042
A09_95	0.522782267	5.140653848	3.328198428	0.792648069
A09_96	-0.088228233	-1.381401176	0.567715365	-0.756439496
A10_01	-1.164249724	-1.307660282	2.885126906	0
A10_02	-0.506883836	0.718011777	1.403046299	0
A10_03	0.557083618	-1.010015984	0.923631235	0
A10_04	0.77251842	1.608231258	1.19989311	0
A10_05	0.862681976	1.323974746	3.503393123	0
A10_06	1.144434262	2.019087049	2.810946999	0
A10_08	-1.164114562	-1.345157046	-0.252728093	0
A10_09	0.477184306	-0.285565419	2.113426674	0
A10_10	1.079274494	1.039277965	6.04545946	0
A10_11	-0.374640096	-0.463262118	0.573794303	0
A10_12	-0.22189717	0.087591649	3.765984543	0
A10_13	-1.521942593	-1.049850657	1.044083154	0.498962556
A10_15	0.258497571	0.041460513	3.843221554	-1.750082032
A10_16	-0.285940052	-1.109859659	3.720006853	1.744761102
A10_17	0.10100045	1.071373279	-4.042640129	0.172302984
A10_18	-1.048824094	-1.733411857	0.933588071	1.221798346
A10_19	0.024300789	-0.206387854	0.120896951	-2.158269347
A10_20	1.076056184	2.229692786	4.275994586	-0.568703081
A10_21	-0.583392719	-0.506721602	-6.233722774	-1.414270768
A10_22	1.596400004	0.700788042	3.870975633	0.256702771
A10_23	0.843102006	0.565046832	-4.783970372	0.37590976
A10_24	2.24513525	4.998379187	-3.491315082	1.970420559
A10_25	1.113671012	0.806184736	4.530980935	2.852218324
A10_26	0.092342905	-0.044870499	-1.667318476	-3.76243892
A10_27	1.158935787	3.314304468	3.030004843	0.900928145
A10_28	0.927735737	-0.292142477	-5.656473	0.339961761
A10_29	1.312208977	1.159890946	5.127875378	0.368280394
A10_30	0.680925682	2.269305996	3.56183332	-0.347170629
A10_31	1.030548026	0.798951205	5.942590403	0.632541992
A10_32	-1.73286895	-3.97584926	-6.052990164	0
A10_33	1.726323574	1.302180751	-2.927342556	1.082385868
A10_34	0.947370787	-0.765763778	2.881403054	-0.150676403
A10_35	-0.348354423	0.56581064	1.547593313	0.713624285
A10_36	0.642089107	0.290156858	2.963520794	1.37931499
A10_37	1.860387696	4.933563464	0.376788204	0.999200393
A10_38	1.897146475	1.989647331	2.404343777	1.7571575
A10_39	0.737448597	0.542174463	-6.271523039	1.115720241
A10_40	1.699419084	1.604022625	1.323529303	0.587401254
A10_41	-0.205517917	-1.614651963	3.689876323	3.158546093
A10_42	0.778967878	0.91365126	1.834074419	2.628516742
A10_43	0.228904944	-1.475245582	-0.181327577	-1.4956463
A10_44	-2.458178284	-3.76527465	-6.71034911	-1.364098588
A10_45	1.401532821	0.303721686	2.162005788	0.263405366
A10_46	0.012672158	0.108891916	2.825674931	0.067338625
A10_47	-0.326104037	-0.973900151	-5.832589465	0.531278512
A10_48	-2.050576625	-1.543994501	0.541136011	-2.413577522
A10_49	1.881835466	2.22499369	-2.874021871	1.778064903
A10_50	-0.040849628	-0.090813353	0.907318075	-1.604003375
A10_51	-0.700104777	0.513377945	2.766190979	-0.996094217
A10_52	0.174822975	-1.779251077	0.677427357	2.025087333
A10_53	-0.488367427	-0.498769091	-6.019340852	-1.451591977
A10_54	1.306033696	0.354389134	1.719475086	-0.131961205
A10_55	0.568933433	0.244377139	-4.679151814	1.584903066
A10_56	0.556258377	-0.407890557	-5.293997506	1.861636912
A10_57	0.693919859	0.204336793	-4.537806647	-0.872308047
A10_58	1.829578645	2.232254806	-3.253093116	1.459119714
A10_59	-2.643457817	-2.886297522	1.464158511	-1.11852726
A10_60	1.148384812	-0.188904515	-0.321890354	1.356143407
A10_61	2.177117515	1.930734455	2.385678403	2.536993459
A10_62	-0.268078616	-0.537276816	1.546972688	2.571249713
A10_63	-0.054980771	-0.030141935	0.75232551	1.598764603
A10_64	0.258622708	-0.477537765	-6.405618517	1.425455039
A10_65	0.096965165	-0.196205589	1.871978733	1.663597334
A10_66	0.40736941	-0.487803399	0.132539672	0.02293939
A10_67	-0.665591026	-0.490950231	2.598305589	0.902887158
A10_68	0.319374127	-0.181299899	2.87038064	3.178033324
A10_69	0.426644163	0.744357239	-4.357438669	-0.162696614
A10_70	1.078810482	1.768761343	-3.51229148	-1.911362539
A10_71	-0.605657064	1.127602805	1.165955539	-0.809092903
A10_72	-1.556050603	-1.552274747	0.276364697	-1.020384492
A10_73	0.914242454	0.267942419	-3.767778304	3.202788921
A10_74	1.070101851	-0.43791193	2.897782168	-0.112010823
A10_75	1.539309855	1.362989519	0.422453298	3.269377136
A10_76	1.357000226	1.275773454	-4.592083526	0.936130724
A10_77	1.619234248	1.497797843	-2.96308363	0.632219104
A10_78	1.913809426	1.931172564	2.567435432	2.468013525
A10_79	-0.756934108	-0.294491617	1.994686262	0.560650846
A10_80	1.202691447	1.830509465	3.745064642	0.636863433
A10_81	2.840919825	2.318992909	3.031436212	1.702953779
A10_82	-0.918684118	-0.547289255	1.686592042	-1.785005096
A10_83	0.613311735	1.050426542	-3.672743194	-1.73226882
A10_84	0.183513656	3.322960616	1.064528591	-0.325242852
A10_85	-0.488169585	2.857688648	4.212141672	2.583693224
A10_86	0.250948624	-0.51969639	-0.912734689	-1.958290716
A10_87	0.721371198	-0.102463988	-5.660936705	2.772973392
A10_88	0.867436482	0.84549687	3.282067069	2.001380328
A10_90	0.989985883	0.809374789	1.225883699	-1.24328896
A10_91	0.456865726	-1.126787914	1.843180805	-0.492746535
A10_92	-1.039644943	-0.856689321	-0.870897762	-0.752215845
A10_93	-0.349005276	-1.243088215	-0.314490066	0.890363835
A10_94	0.824228547	0.292830908	0.989771151	-0.417466785
A10_95	0.628660837	0.573801315	-5.920455801	0.211496103
A10_96	0.046699613	0.177386375	4.952658701	1.277967448
A11_01	-0.045820366	0.925214421	0.182092209	-1.290688387
A11_02	0	-0.062434625	2.278763254	1.49006373
A11_03	1.801178684	2.286721826	3.707499747	1.497823706
A11_04	0.529527817	-0.34798691	1.842547509	-0.110067129
A11_05	-0.452772069	-1.599315215	-7.39451079	1.496939045
A11_06	-1.000140991	-1.598348866	0.579958635	-0.164982578
A11_07	-0.101069077	-0.531610768	4.103362629	0.116614954
A11_08	-0.40260063	0.37215634	1.11768947	0.383164217
A11_09	-0.075419567	-1.784061984	2.238370463	-0.451546649
A11_10	-1.521556493	-2.773745777	2.00802275	0.509010251
A11_11	-0.329113752	-0.533729281	0.37987151	-0.422800045
A11_12	0.986487852	1.034324793	2.662624255	1.719794014
A11_13	0	-0.80667367	-6.105477142	-0.881877949
A11_14	-1.016761648	0.164411044	4.45078703	0.618367987
A11_15	-1.406868185	-1.943555658	2.635707185	-0.418299605
A11_16	-1.119687598	-1.435031185	3.728013882	0.846450052
A11_17	-0.998585758	-0.593173671	-7.755474239	0.59235278
A11_18	0.648904377	-1.539122813	-0.857237952	0.386843165
A11_19	0.868011127	2.165068791	-4.300952882	-0.852090067
A11_20	0.206322306	1.731375669	1.304269337	-1.51191327
A11_21	1.554104932	1.129426346	4.271664355	1.401146719
A11_22	0	-5.313531382	-4.132069568	-1.548937407
A11_23	1.219289136	1.017584539	2.678197408	0.918806709
A11_24	-0.503521246	0.984068071	1.624852939	-0.313003249
A11_25	0	-0.702891575	0.92163476	0.477755053
A11_26	1.460195605	2.202505157	1.51358207	1.101698001
A11_27	2.663418019	1.625409921	1.292354216	-1.002040302
A11_28	-0.395099874	0.864038261	1.193931291	-0.089758301
A11_29	2.202943298	2.208170079	-3.26175045	1.893466572
A11_30	0.167208083	0.000611687	-4.606166862	-0.37722525
A11_31	0.392910712	0.35512994	4.541160793	0.930293682
A11_32	0.181002879	-1.931675163	3.146636635	1.181825363
A11_33	-0.002663611	-0.987229314	3.995936924	1.837352197
A11_34	0.922184574	-0.668176921	-4.60112582	-0.146142206
A11_35	0.615681233	1.000644345	3.91439996	-1.35385601
A11_36	-0.221348763	-1.27475003	0.61759744	0.441063846
A11_37	0.543504433	1.15189574	1.112898816	0.148566517
A11_38	0.622287556	1.820579103	3.277067694	0.700908809
A11_39	-0.124260622	0.375452828	-4.687240715	-0.399476656
A11_40	-0.693272167	-1.326900594	4.101895034	1.492505294
A11_41	-3.755095413	-4.055862552	-1.320956679	-3.348437867
A11_42	1.367459552	0.507029985	3.098016357	-0.787233003
A11_43	0.981343897	1.181810184	-4.623240266	0.254866026
A11_44	-1.16512512	-2.046117423	-1.004474453	-1.304621407
A11_45	0.725514984	0.241704531	4.521362734	-1.539636385
A11_46	0.673588049	0.528605999	1.389794133	1.288398956
A11_47	1.463911177	0.853949609	-4.039254991	1.421166558
A11_48	-0.64820645	-0.216173575	3.72399662	-0.169207608
A11_49	0.323986398	0.071347817	1.45485751	1.888300278
A11_50	1.049530029	4.919731114	2.720537518	0.025854219
A11_51	-1.373638714	-0.057567925	1.641480465	-0.125670538
A11_52	0.707774861	0.545320898	-4.973032761	1.882515463
A11_53	1.211097289	-0.212122038	0.840832989	0.872233538
A11_54	0.551374227	0.78716487	2.316778023	1.007920305
A11_55	0.491067444	1.79172926	3.454067993	-1.072105782
A11_56	0.725799697	1.688372267	0.614936709	0.482504865
A11_57	0.937277715	0.386863766	-3.689739939	1.419178626
A11_58	-0.496003746	-1.759253341	1.55933133	0.728571874
A11_59	0.405632396	0.211275992	2.883423775	0.34852913
A11_60	0.495609474	-0.676605225	2.628351667	0.348714773
A11_61	0	3.603049724	1.016416413	1.247711086
A11_62	-0.501981708	-1.396324636	-6.036959518	1.312359934
A11_63	-1.205547019	-0.287882794	-1.900990041	-0.902387422
A11_64	-0.918754728	-1.194605935	3.686107304	0.54634822
A11_65	1.710315439	0.839562453	-5.971419876	0.901920026
A11_66	0.995092564	1.892013958	0.999669795	1.853281685
A11_67	0.739606618	-0.034504602	-3.741495557	0.189304974
A11_68	0.489456432	1.105312818	-4.607489989	0.295868456
A11_69	-0.639928676	-2.34142084	-6.252591759	0.705756627
A11_70	1.781930572	5.110587392	4.69625828	0.608338421
A11_71	-1.509329959	-1.915954997	-0.950202604	-0.036782413
A11_72	-0.750627531	-1.772177878	1.79522659	0.05034855
A11_73	0	-0.66755617	-3.64350142	1.292787872
A11_74	1.449401624	4.108079813	2.261633563	-0.441591566
A11_75	0.58373932	0.33925575	1.526730252	-0.983083605
A11_76	1.444307086	3.135588545	-3.512621389	0.663164788
A11_77	2.16815861	0.932185228	4.001397057	1.94698702
A11_78	2.018508543	2.046509134	-4.046769442	2.099644078
A11_79	1.733274123	1.182687652	3.785923285	2.358253643
A11_80	-1.431141725	-1.606925439	-0.32687884	-0.160462929
A11_81	-0.488493542	-0.846743993	-6.196944883	1.915800033
A11_82	0.324331962	1.530729594	2.400109503	-1.823106706
A11_83	1.269960056	2.569471391	-2.609141919	-0.271475689
A11_84	-0.274782158	-1.326193722	2.551633162	-0.792168015
A11_85	0	-1.662921766	-0.441200761	0.540489818
A11_86	0	0.384669309	3.251290866	3.572625983
A11_87	0	1.257548209	0.662765076	0.240556117
A11_88	0	1.681495035	-0.619431778	0.003643258
A11_89	0	0.528898989	3.417169879	0.82871519
A11_90	0	-1.783111354	-2.234308557	-1.597588256
A11_91	0	2.506086705	3.563082755	1.067787555
A11_92	0	0.366882771	0.442820024	-0.532917247
A11_93	0	0.651481482	0.640160767	1.93276241
A11_94	0	1.848098539	5.215892587	-0.002771987
A11_95	0	0.258557834	0.386591132	1.408747479
A11_96	0	-0.782679663	-8.73859323	2.040638596